[500 500 271]
[386 386 252]
[380 380 191]
[436 436 266]
[406 406 481]
[314 314 236]
[495 495 246]
[408 408 251]
[407 407 446]
[478 478 252]
[372 372 221]
[496 496 222]
[376 376 466]
[368 368 216]
[350 350 321]
[394 394 473]
[480 480 216]
[440 440 511]
[378 378 196]
[379 379 276]
[462 462 516]
[473 473 411]
[455 455 496]
[384 384 461]
[464 464 466]
[446 446 456]
[492 492 445]
[324 324 491]
[402 402 436]
[437 437 241]
[412 412 445]
[428 428 466]
[358 358 225]
[487 487 246]
[471 471 215]
[406 406 481]
[396 396 501]
[346 346 396]
[385 385 296]
[402 402 226]
[381 381 201]
重采样之后的数据尺寸中位数为: [406. 406. 296.]
