[512 512  55]
[512 512 168]
[512 512  77]
[512 512  54]
[512 512  61]
[512 512  95]
[512 512 164]
[512 512  51]
[512 512  90]
[512 512 168]
[512 512  89]
[512 512 148]
[512 512  94]
[512 512  87]
[512 512  65]
[512 512 119]
[512 512  44]
[512 512 103]
[512 512  40]
[512 512  56]
[512 512 104]
[512 512  83]
[512 512 100]
[512 512  93]
[512 512  94]
[512 512  92]
[512 512 112]
[512 512  99]
[512 512  88]
[512 512  61]
[512 512 112]
[512 512 156]
[512 512  33]
[512 512  50]
[512 512 135]
[512 512  97]
[512 512 101]
[512 512  80]
[512 512  60]
[512 512  31]
[512 512  41]
原始数据的尺寸中位数：[512. 512.  90.]
