[492 423 271]
[342 324 252]
[351 357 191]
[418 381 266]
[406 378 481]
[309 216 236]
[492 390 246]
[405 377 251]
[407 384 446]
[415 316 252]
[365 285 221]
[420 348 222]
[376 336 466]
[357 274 216]
[350 303 321]
[394 333 473]
[432 347 216]
[425 361 511]
[361 311 196]
[379 340 276]
[440 349 516]
[423 409 411]
[418 323 496]
[384 303 461]
[438 417 466]
[398 346 456]
[492 357 445]
[324 245 491]
[402 309 436]
[425 378 241]
[408 397 445]
[426 382 466]
[343 236 225]
[457 400 246]
[434 395 215]
[406 366 481]
[391 355 501]
[346 248 396]
[385 307 296]
[402 327 226]
[349 314 201]
前景的尺寸中位数为：[405. 347. 296.]
