[360 251 371]
[346 300 611]
[394 343 501]
[358 320 480]
[361 312 478]
[367 347 474]
[418 323 478]
[398 300 625]
[432 386 690]
[371 287 617]
[401 341 617]
[374 321 685]
[391 320 605]
[344 326 466]
[369 274 653]
[401 356 609]
[328 256 601]
[400 338 669]
[401 332 677]
[387 322 677]
[404 356 636]
[348 283 669]
[381 357 640]
[432 369 691]
[335 309 455]
[381 282 636]
[407 351 694]
[353 287 632]
[383 295 648]
[358 262 610]
[365 291 614]
[340 270 601]
[395 329 691]
[400 309 458]
[361 329 237]
[423 340 605]
[350 270 437]
[351 305 588]
[335 286 565]
[358 264 551]
[381 282 661]
[427 343 676]
[385 334 438]
[397 358 517]
[410 342 459]
[389 320 437]
[493 348 805]
[338 270 469]
[343 313 414]
[393 289 421]
[432 303 468]
[378 303 603]
[511 453 129]
[468 412 172]
[355 350 534]
[512 431 200]
[512 449  91]
[475 431 139]
[502 425 135]
[446 395 151]
[504 412 124]
[477 418 111]
[454 431 122]
[472 380 132]
[510 399 260]
[456 363 673]
[510 440 122]
[461 403 113]
[464 377 125]
[502 471 155]
[447 481 119]
[512 401  74]
[511 405 124]
[512 398 225]
[452 347 608]
[466 344 634]
[477 386 430]
[439 308 598]
[449 375 679]
[425 318 591]
[435 362 417]
[408 333 476]
[341 261 478]
[410 346 477]
[360 266 457]
[350 274 423]
[350 298 431]
[417 352 518]
[409 379 487]
[388 321 481]
[330 292 375]
[379 325 516]
[387 312 459]
[320 233 410]
[365 311 426]
[364 329 411]
[341 284 663]
[386 348 489]
[383 343 541]
[306 260 416]
[285 276 466]
[343 302 231]
[459 388 481]
[418 350 531]
[388 312 441]
[372 321 418]
[398 378 466]
[384 319 494]
[408 366 439]
[420 343 541]
[350 293 433]
[359 279 428]
[320 238 416]
[380 286 610]
[388 345 513]
[330 278 441]
[350 313 453]
[437 407 717]
[387 344 649]
[327 324 613]
[407 342 549]
[400 352 601]
[439 356 601]
[344 284 669]
[339 296 557]
[408 377 642]
[378 330 673]
[382 303 506]
[370 321 470]
[376 300 452]
[397 334 441]
前景的尺寸中位数为：[388. 329. 481.]
