[360 360 371]
[346 346 611]
[394 394 501]
[358 358 480]
[361 361 478]
[367 367 474]
[438 438 478]
[400 400 625]
[432 432 690]
[374 374 617]
[401 401 617]
[374 374 685]
[391 391 605]
[344 344 466]
[369 369 653]
[401 401 609]
[328 328 601]
[400 400 669]
[401 401 677]
[387 387 677]
[404 404 636]
[348 348 669]
[381 381 640]
[432 432 691]
[335 335 455]
[381 381 636]
[407 407 694]
[353 353 632]
[383 383 648]
[358 358 610]
[365 365 614]
[340 340 601]
[395 395 691]
[400 400 458]
[361 361 237]
[434 434 605]
[350 350 437]
[351 351 588]
[335 335 565]
[360 360 551]
[381 381 661]
[472 472 676]
[385 385 438]
[397 397 517]
[411 411 459]
[393 393 437]
[500 500 805]
[338 338 469]
[343 343 414]
[393 393 421]
[442 442 468]
[378 378 603]
[512 512 129]
[512 512 172]
[355 355 534]
[512 512 200]
[512 512  91]
[512 512 139]
[512 512 135]
[512 512 151]
[512 512 124]
[512 512 111]
[512 512 122]
[512 512 132]
[512 512 260]
[462 462 673]
[512 512 122]
[512 512 113]
[512 512 125]
[512 512 155]
[512 512 119]
[512 512  74]
[512 512 124]
[512 512 225]
[500 500 608]
[489 489 634]
[496 496 430]
[464 464 598]
[462 462 679]
[428 428 591]
[435 435 417]
[424 424 476]
[341 341 478]
[411 411 477]
[360 360 457]
[350 350 423]
[350 350 431]
[447 447 518]
[409 409 487]
[388 388 481]
[330 330 375]
[379 379 516]
[398 398 459]
[320 320 410]
[365 365 426]
[364 364 411]
[341 341 663]
[386 386 489]
[383 383 541]
[306 306 416]
[285 285 466]
[347 347 231]
[487 487 481]
[423 423 531]
[388 388 441]
[380 380 418]
[400 400 466]
[402 402 494]
[408 408 439]
[434 434 541]
[350 350 433]
[360 360 428]
[320 320 416]
[380 380 610]
[388 388 513]
[330 330 441]
[350 350 453]
[437 437 717]
[387 387 649]
[327 327 613]
[420 420 549]
[400 400 601]
[439 439 601]
[344 344 669]
[339 339 557]
[429 429 642]
[378 378 673]
[382 382 506]
[370 370 470]
[376 376 452]
[400 400 441]
重采样之后的数据尺寸中位数为: [393. 393. 481.]
