[150 150 267]
[181 181 225]
[163 163 286]
[151 151 276]
[154 154 226]
[141 141 255]
[191 191 257]
[141 141 214]
[181 181 277]
[161 161 237]
[141 141 252]
[166 166 251]
[161 161 217]
[158 158 285]
[141 141 276]
[181 181 262]
[141 141 186]
[201 201 230]
[141 141 226]
[188 188 222]
[350 350 488]
[211 211 334]
[456 456 414]
[500 500 540]
[443 443 735]
[228 228 300]
[500 500 688]
[412 412 650]
[385 385 714]
[478 478 708]
[361 361 619]
[434 434 669]
[446 446 664]
[350 350 487]
[373 373 462]
[196 469 355]
[401 401 530]
[350 350 542]
[477 477 471]
[268 802 394]
[477 477 596]
[368 368 710]
[455 455 455]
[467 467 495]
[408 408 549]
[445 445 444]
[500 500 610]
[377 377 481]
[474 474 680]
[356 356 317]
[395 395 479]
[473 473 810]
[500 500 921]
[350 350 665]
[469 469 770]
[434 434 937]
[391 391 629]
[253 695 329]
[246 699 267]
[445 445 420]
[409 409 559]
[374 374 643]
[350 350 639]
[ 500  500 1731]
[400 400 641]
[457 421 771]
[392 392 492]
[350 350 892]
[500 500 491]
[350 860 327]
[471 471 713]
[291 771 345]
[350 350 517]
[305 797 490]
[367 367 525]
[384 384 319]
[500 500 672]
[435 435 465]
[462 462 683]
[395 395 650]
[320 658 283]
[350 350 608]
[350 350 471]
[363 363 434]
[403 403 518]
[399 399 657]
[500 500 770]
[368 368 651]
[388 388 524]
[311 708 403]
[399 399 497]
[333 333 414]
[351 816 315]
[465 465 430]
[386 386 635]
[398 398 399]
[390 390 245]
[193 702 373]
[469 469 237]
[207 825 226]
[322 322 300]
[447 447 680]
[482 482 379]
[336 336 465]
[391 391 591]
[430 430 477]
[420 420 370]
[353 515 415]
[451 451 379]
[486 486 486]
[563 563 361]
[435 435 346]
[394 394 693]
[425 425 361]
[600 600 352]
[400 400 367]
[857 857 418]
[672 672 322]
[549 549 301]
[455 455 661]
[360 360 305]
[548 548 376]
[384 287 540]
[375 375 465]
[322 477 415]
[467 467 435]
[342 342 429]
[442 442 512]
[432 432 448]
[345 345 439]
[377 377 435]
[412 412 464]
[397 397 479]
[340 340 468]
[336 336 643]
[368 368 850]
[333 333 452]
[471 471 422]
[384 384 634]
[414 342 686]
[399 399 430]
重采样之后的数据尺寸中位数为: [386. 399. 464.]
