[512 512 214]
[512 512 180]
[512 512 229]
[512 512 221]
[512 512 181]
[512 512 204]
[512 512 206]
[512 512 171]
[512 512 222]
[512 512 190]
[512 512 202]
[512 512 201]
[512 512 174]
[512 512 228]
[512 512 221]
[512 512 210]
[512 512 149]
[512 512 184]
[512 512 181]
[512 512 178]
[512 512 542]
[768 768 740]
[512 512 460]
[512 512 600]
[512 512 817]
[768 768 665]
[512 512 983]
[512 512 722]
[512 512 793]
[512 512 786]
[512 512 688]
[512 512 743]
[512 512 738]
[512 512 487]
[512 512 513]
[ 512 1229  119]
[512 512 589]
[512 512 602]
[512 512 702]
[ 512 1532  132]
[512 512 993]
[ 512  512 1182]
[512 512 506]
[512 512 550]
[512 512 610]
[512 512 493]
[512 512 678]
[512 512 534]
[512 512 755]
[512 512 528]
[512 512 798]
[512 512 900]
[ 512  512 1535]
[512 512 739]
[512 512 855]
[ 512  512 1041]
[512 512 699]
[ 512 1410  165]
[ 512 1459  134]
[512 512 466]
[512 512 621]
[512 512 714]
[512 512 710]
[ 512  512 1923]
[512 512 712]
[ 556  512 1284]
[512 512 546]
[512 512 991]
[512 512 545]
[ 512 1258  164]
[512 512 792]
[ 512 1357  173]
[512 512 574]
[ 512 1338  164]
[512 512 583]
[512 512 319]
[ 512  512 1119]
[512 512 517]
[512 512 759]
[512 512 722]
[ 512 1053   95]
[ 512  512 1351]
[512 512 523]
[512 512 482]
[512 512 576]
[512 512 730]
[512 512 855]
[512 512 723]
[512 512 582]
[ 512 1166  135]
[512 512 552]
[512 512 689]
[ 512 1190  158]
[512 512 478]
[512 512 705]
[512 512 443]
[512 512 407]
[ 512 1869  125]
[512 512 263]
[ 512 2048   76]
[512 512 333]
[512 512 755]
[616 616 127]
[512 512 581]
[512 512 738]
[512 512 596]
[576 576 124]
[512 747 139]
[576 576 127]
[512 512 607]
[720 720 121]
[616 616 116]
[512 512 990]
[512 512 145]
[512 512 118]
[512 512 123]
[512 512 168]
[512 512 108]
[512 512 101]
[512 512 529]
[512 512 488]
[512 512  76]
[685 512 771]
[512 512 664]
[512 758 139]
[512 512 725]
[512 512 613]
[512 512 342]
[512 512 640]
[512 512 548]
[512 512 435]
[512 512 928]
[512 512 479]
[512 512 468]
[512 512 643]
[ 512  512 1214]
[512 512 452]
[512 512 603]
[512 512 634]
[619 512 458]
[512 512 537]
原始数据的尺寸中位数：[512. 512. 534.]
