[150 150 267]
[181 181 225]
[163 163 286]
[151 151 276]
[154 154 226]
[141 141 255]
[191 191 257]
[141 141 214]
[181 181 277]
[161 161 237]
[141 135 252]
[166 166 251]
[161 161 217]
[158 158 285]
[141 136 276]
[181 181 262]
[141 141 186]
[201 201 230]
[141 141 226]
[188 188 222]
[350 300 488]
[211 211 334]
[396 275 414]
[462 433 540]
[443 337 735]
[228 228 300]
[458 290 688]
[412 328 650]
[385 331 714]
[466 319 708]
[361 296 619]
[434 335 669]
[446 387 664]
[350 281 487]
[373 276 462]
[196 469 355]
[401 373 530]
[350 323 542]
[372 341 471]
[268 802 394]
[432 290 596]
[368 261 710]
[427 369 455]
[445 423 495]
[408 375 549]
[429 367 444]
[494 369 610]
[377 333 481]
[467 379 680]
[356 319 317]
[395 317 479]
[468 428 810]
[500 314 921]
[350 345 665]
[430 428 770]
[420 331 937]
[391 326 629]
[253 695 329]
[246 699 267]
[443 376 420]
[409 325 559]
[374 319 643]
[350 312 639]
[ 466  404 1712]
[400 341 641]
[457 373 771]
[392 356 492]
[350 289 892]
[448 348 491]
[350 860 327]
[450 363 713]
[291 771 345]
[350 277 517]
[305 797 479]
[367 333 525]
[384 339 319]
[472 414 672]
[435 397 465]
[445 366 683]
[395 342 650]
[316 658 283]
[350 350 608]
[350 302 471]
[363 291 434]
[403 296 518]
[399 332 657]
[467 420 770]
[368 295 651]
[388 317 524]
[302 708 403]
[399 345 497]
[333 273 414]
[351 816 315]
[424 357 430]
[386 297 635]
[398 294 399]
[390 339 245]
[193 700 373]
[469 322 237]
[207 821 226]
[322 288 300]
[431 327 680]
[329 480 379]
[336 264 465]
[385 348 591]
[402 347 477]
[294 415 370]
[342 460 415]
[290 444 379]
[450 319 486]
[325 559 361]
[284 431 346]
[394 394 693]
[267 425 361]
[275 589 352]
[300 376 367]
[387 857 418]
[307 657 322]
[365 549 298]
[455 342 661]
[360 350 305]
[355 535 376]
[384 273 540]
[375 292 465]
[312 473 415]
[426 426 435]
[342 278 429]
[430 338 512]
[432 339 448]
[345 319 439]
[377 322 435]
[412 353 464]
[397 333 479]
[340 290 468]
[336 277 643]
[368 356 850]
[333 250 452]
[459 382 422]
[384 303 634]
[414 342 686]
[399 354 430]
前景的尺寸中位数为：[368. 335. 464.]
